RD,1ccae9e6fccc07712665b026d1cc1f78,2,1,5,5,5,5,5,5,5,5,5,5,5,5,5,5,5,5
RD,1ccae9e6fccc07712665b026d1cc1f78,2,1,1,1,1,1,1,1,1,1,1,1,1,1,1,1,1,1
Answers,0784627e4f6ac9a8788bd2724d1cefa3,1,1,3,5,4,5,4,3,5,4,4,4,4,4,5,5,5,5
Answers,0784627e4f6ac9a8788bd2724d1cefa3,1,1,3,5,4,5,4,3,5,4,4,4,4,4,5,5,5,5
Answers,0784627e4f6ac9a8788bd2724d1cefa3,1,1,3,5,4,5,4,3,5,4,4,4,4,4,5,5,5,5
Answers,0784627e4f6ac9a8788bd2724d1cefa3,1,1,3,5,4,5,4,3,5,4,4,4,4,4,5,5,5,5
Answers,0784627e4f6ac9a8788bd2724d1cefa3,1,1,3,5,4,5,4,3,5,4,4,4,4,4,5,5,5,5
Answers,0784627e4f6ac9a8788bd2724d1cefa3,1,1,3,5,4,5,4,3,5,4,4,4,4,4,5,5,5,5
Answers,0784627e4f6ac9a8788bd2724d1cefa3,1,1,3,5,4,5,4,3,5,4,4,4,4,4,5,5,5,5
Answers,0784627e4f6ac9a8788bd2724d1cefa3,1,1,3,5,4,5,4,3,5,4,4,4,4,4,5,5,5,5
Answers,0784627e4f6ac9a8788bd2724d1cefa3,1,1,3,5,4,5,4,3,5,4,4,4,4,4,5,5,5,5
Answers,0784627e4f6ac9a8788bd2724d1cefa3,1,1,3,5,4,5,4,3,5,4,4,4,4,4,5,5,5,5
Answers,0784627e4f6ac9a8788bd2724d1cefa3,1,1,3,5,4,5,4,3,5,4,4,4,4,4,5,5,5,5
Answers,0784627e4f6ac9a8788bd2724d1cefa3,1,1,3,5,4,5,4,3,5,4,4,4,4,4,5,5,5,5
Answers,0784627e4f6ac9a8788bd2724d1cefa3,1,1,3,5,4,5,4,3,5,4,4,4,4,4,5,5,5,5
Answers,0784627e4f6ac9a8788bd2724d1cefa3,1,1,3,5,4,5,4,3,5,4,4,4,4,4,5,5,5,5
